{
 "cells": [
  {
   "cell_type": "code",
   "execution_count": 1,
   "metadata": {},
   "outputs": [],
   "source": [
    "# Importing Libraries\n",
    "import numpy as np\n",
    "import matplotlib.pyplot as plt\n",
    "import math\n",
    "import scipy\n",
    "import pandas as pd\n",
    "import statistics\n",
    "import time\n",
    "from tqdm import tqdm\n",
    "%matplotlib inline"
   ]
  },
  {
   "cell_type": "code",
   "execution_count": 2,
   "metadata": {},
   "outputs": [
    {
     "name": "stdout",
     "output_type": "stream",
     "text": [
      "                                             Property Annotation        Value\n",
      "0                               Porosity in fraction:        phi     0.500000\n",
      "1                             Reservoir Length in ft:          L  1000.000000\n",
      "2                             Reservoir Height in ft:          H    10.000000\n",
      "3                                    Viscosity in cp:         mu     0.800000\n",
      "4                    Total Compressibility in psi^-1:         Ct     0.000005\n",
      "5            Fluid Formation Volume Factor in rb/stb:         Bo     1.100000\n",
      "6                                  Time Step in days:      Del_t     0.003000\n",
      "7                               Number of Time Steps:         Nt   400.000000\n",
      "8                Number of Blocks in both directions:          N    11.000000\n",
      "9                   Reservoir Pressure in psi at t=0:         Pi  2000.000000\n",
      "10  Surface flow rate at center of reservoir in st...        qsc   100.000000\n",
      "\n",
      "\n",
      "    Permeability in md at Cell location     1    2   3   4       5       6  \\\n",
      "0                                     1  25.0   50  10  30   72.50   37.50   \n",
      "1                                     2  50.0  100  20  60  145.00   75.00   \n",
      "2                                     3  10.0   20   4  12   29.00   15.00   \n",
      "3                                     4  30.0   60  12  36   87.00   45.00   \n",
      "4                                     5  72.5  145  29  87  210.25  108.75   \n",
      "5                                     6  37.5   75  15  45  108.75   56.25   \n",
      "6                                     7  10.0   20   4  12   29.00   15.00   \n",
      "7                                     8  27.5   55  11  33   79.75   41.25   \n",
      "8                                     9  60.0  120  24  72  174.00   90.00   \n",
      "9                                    10  45.0   90  18  54  130.50   67.50   \n",
      "10                                   11  35.0   70  14  42  101.50   52.50   \n",
      "\n",
      "     7      8    9     10     11  \n",
      "0   10  27.50   60   45.0   35.0  \n",
      "1   20  55.00  120   90.0   70.0  \n",
      "2    4  11.00   24   18.0   14.0  \n",
      "3   12  33.00   72   54.0   42.0  \n",
      "4   29  79.75  174  130.5  101.5  \n",
      "5   15  41.25   90   67.5   52.5  \n",
      "6    4  11.00   24   18.0   14.0  \n",
      "7   11  30.25   66   49.5   38.5  \n",
      "8   24  66.00  144  108.0   84.0  \n",
      "9   18  49.50  108   81.0   63.0  \n",
      "10  14  38.50   84   63.0   49.0  \n",
      "\n",
      "Size of Block:  90.9090909090909 ft\n",
      "\n",
      "IC \n",
      " at t=0, Reservoir Pressure is  2000.0  psi \n",
      "BCs \n",
      " Surface production rate at the centre block, i.e. ( 6.0 , 6.0 ) is  100.0 stb/day \n",
      " at the reservoir boundaries (NEUMANN BC), NO  FLOW is there i.e., (Del_P/Del_x)=0\n",
      "\n",
      "[[ 25.    50.    10.    30.    72.5   37.5   10.    27.5   60.    45.\n",
      "   35.  ]\n",
      " [ 50.   100.    20.    60.   145.    75.    20.    55.   120.    90.\n",
      "   70.  ]\n",
      " [ 10.    20.     4.    12.    29.    15.     4.    11.    24.    18.\n",
      "   14.  ]\n",
      " [ 30.    60.    12.    36.    87.    45.    12.    33.    72.    54.\n",
      "   42.  ]\n",
      " [ 72.5  145.    29.    87.   210.25 108.75  29.    79.75 174.   130.5\n",
      "  101.5 ]\n",
      " [ 37.5   75.    15.    45.   108.75  56.25  15.    41.25  90.    67.5\n",
      "   52.5 ]\n",
      " [ 10.    20.     4.    12.    29.    15.     4.    11.    24.    18.\n",
      "   14.  ]\n",
      " [ 27.5   55.    11.    33.    79.75  41.25  11.    30.25  66.    49.5\n",
      "   38.5 ]\n",
      " [ 60.   120.    24.    72.   174.    90.    24.    66.   144.   108.\n",
      "   84.  ]\n",
      " [ 45.    90.    18.    54.   130.5   67.5   18.    49.5  108.    81.\n",
      "   63.  ]\n",
      " [ 35.    70.    14.    42.   101.5   52.5   14.    38.5   84.    63.\n",
      "   49.  ]]\n",
      "\n",
      "Estimation of Dykstra-Parsons Heterogeneity Coefficient:\n",
      "From the given Permeability data, K50 =  53.55578512396694  md and K84.1 =  40.842704973921315  md \n",
      "So, V = (k50-k84)/k50 =  0.7626198529137732\n",
      "[[0.02872237 0.05744475 0.01148895 0.03446685 0.08329489 0.04308356\n",
      "  0.01148895 0.03159461 0.0689337  0.05170027 0.04021132]\n",
      " [0.05744475 0.1148895  0.0229779  0.0689337  0.16658977 0.08616712\n",
      "  0.0229779  0.06318922 0.1378674  0.10340055 0.08042265]\n",
      " [0.01148895 0.0229779  0.00459558 0.01378674 0.03331795 0.01723342\n",
      "  0.00459558 0.01263784 0.02757348 0.02068011 0.01608453]\n",
      " [0.03446685 0.0689337  0.01378674 0.04136022 0.09995386 0.05170027\n",
      "  0.01378674 0.03791353 0.08272044 0.06204033 0.04825359]\n",
      " [0.08329489 0.16658977 0.03331795 0.09995386 0.24155517 0.12494233\n",
      "  0.03331795 0.09162438 0.19990773 0.1499308  0.11661284]\n",
      " [0.04308356 0.08616712 0.01723342 0.05170027 0.12494233 0.06462534\n",
      "  0.01723342 0.04739192 0.10340055 0.07755041 0.06031699]\n",
      " [0.01148895 0.0229779  0.00459558 0.01378674 0.03331795 0.01723342\n",
      "  0.00459558 0.01263784 0.02757348 0.02068011 0.01608453]\n",
      " [0.03159461 0.06318922 0.01263784 0.03791353 0.09162438 0.04739192\n",
      "  0.01263784 0.03475407 0.07582707 0.0568703  0.04423246]\n",
      " [0.0689337  0.1378674  0.02757348 0.08272044 0.19990773 0.10340055\n",
      "  0.02757348 0.07582707 0.16544088 0.12408066 0.09650718]\n",
      " [0.05170027 0.10340055 0.02068011 0.06204033 0.1499308  0.07755041\n",
      "  0.02068011 0.0568703  0.12408066 0.09306049 0.07238038]\n",
      " [0.04021132 0.08042265 0.01608453 0.04825359 0.11661284 0.06031699\n",
      "  0.01608453 0.04423246 0.09650718 0.07238038 0.05629585]]\n",
      "\n",
      "\n",
      "Estimation of InterBlock k and eta Values:\n",
      "Interblock k-\n",
      "in x-direction-\n",
      "[[ 33.33333333  16.66666667  15.          42.43902439  49.43181818\n",
      "   15.78947368  14.66666667  37.71428571  51.42857143  39.375     ]\n",
      " [ 66.66666667  33.33333333  30.          84.87804878  98.86363636\n",
      "   31.57894737  29.33333333  75.42857143 102.85714286  78.75      ]\n",
      " [ 13.33333333   6.66666667   6.          16.97560976  19.77272727\n",
      "    6.31578947   5.86666667  15.08571429  20.57142857  15.75      ]\n",
      " [ 40.          20.          18.          50.92682927  59.31818182\n",
      "   18.94736842  17.6         45.25714286  61.71428571  47.25      ]\n",
      " [ 96.66666667  48.33333333  43.5        123.07317073 143.35227273\n",
      "   45.78947368  42.53333333 109.37142857 149.14285714 114.1875    ]\n",
      " [ 50.          25.          22.5         63.65853659  74.14772727\n",
      "   23.68421053  22.          56.57142857  77.14285714  59.0625    ]\n",
      " [ 13.33333333   6.66666667   6.          16.97560976  19.77272727\n",
      "    6.31578947   5.86666667  15.08571429  20.57142857  15.75      ]\n",
      " [ 36.66666667  18.33333333  16.5         46.68292683  54.375\n",
      "   17.36842105  16.13333333  41.48571429  56.57142857  43.3125    ]\n",
      " [ 80.          40.          36.         101.85365854 118.63636364\n",
      "   37.89473684  35.2         90.51428571 123.42857143  94.5       ]\n",
      " [ 60.          30.          27.          76.3902439   88.97727273\n",
      "   28.42105263  26.4         67.88571429  92.57142857  70.875     ]\n",
      " [ 46.66666667  23.33333333  21.          59.41463415  69.20454545\n",
      "   22.10526316  20.53333333  52.8         72.          55.125     ]]\n",
      "in y-direction-\n",
      "[[ 33.33333333  66.66666667  13.33333333  40.          96.66666667\n",
      "   50.          13.33333333  36.66666667  80.          60.\n",
      "   46.66666667]\n",
      " [ 16.66666667  33.33333333   6.66666667  20.          48.33333333\n",
      "   25.           6.66666667  18.33333333  40.          30.\n",
      "   23.33333333]\n",
      " [ 15.          30.           6.          18.          43.5\n",
      "   22.5          6.          16.5         36.          27.\n",
      "   21.        ]\n",
      " [ 42.43902439  84.87804878  16.97560976  50.92682927 123.07317073\n",
      "   63.65853659  16.97560976  46.68292683 101.85365854  76.3902439\n",
      "   59.41463415]\n",
      " [ 49.43181818  98.86363636  19.77272727  59.31818182 143.35227273\n",
      "   74.14772727  19.77272727  54.375      118.63636364  88.97727273\n",
      "   69.20454545]\n",
      " [ 15.78947368  31.57894737   6.31578947  18.94736842  45.78947368\n",
      "   23.68421053   6.31578947  17.36842105  37.89473684  28.42105263\n",
      "   22.10526316]\n",
      " [ 14.66666667  29.33333333   5.86666667  17.6         42.53333333\n",
      "   22.           5.86666667  16.13333333  35.2         26.4\n",
      "   20.53333333]\n",
      " [ 37.71428571  75.42857143  15.08571429  45.25714286 109.37142857\n",
      "   56.57142857  15.08571429  41.48571429  90.51428571  67.88571429\n",
      "   52.8       ]\n",
      " [ 51.42857143 102.85714286  20.57142857  61.71428571 149.14285714\n",
      "   77.14285714  20.57142857  56.57142857 123.42857143  92.57142857\n",
      "   72.        ]\n",
      " [ 39.375       78.75        15.75        47.25       114.1875\n",
      "   59.0625      15.75        43.3125      94.5         70.875\n",
      "   55.125     ]]\n",
      "Interblock eta-\n",
      "in x-direction-\n",
      "[[0.0382965  0.01914825 0.01723342 0.04875798 0.05679197 0.01814045\n",
      "  0.01685046 0.04332975 0.05908603 0.04523774]\n",
      " [0.076593   0.0382965  0.03446685 0.09751597 0.11358394 0.03628089\n",
      "  0.03370092 0.08665951 0.11817206 0.09047548]\n",
      " [0.0153186  0.0076593  0.00689337 0.01950319 0.02271679 0.00725618\n",
      "  0.00674018 0.0173319  0.02363441 0.0180951 ]\n",
      " [0.0459558  0.0229779  0.02068011 0.05850958 0.06815036 0.02176854\n",
      "  0.02022055 0.05199571 0.07090323 0.05428529]\n",
      " [0.11105985 0.05552992 0.04997693 0.14139815 0.16469671 0.0526073\n",
      "  0.04886633 0.12565629 0.17134948 0.13118945]\n",
      " [0.05744475 0.02872237 0.02585014 0.07313697 0.08518795 0.02721067\n",
      "  0.02527569 0.06499463 0.08862904 0.06785661]\n",
      " [0.0153186  0.0076593  0.00689337 0.01950319 0.02271679 0.00725618\n",
      "  0.00674018 0.0173319  0.02363441 0.0180951 ]\n",
      " [0.04212615 0.02106308 0.01895677 0.05363378 0.06247117 0.01995449\n",
      "  0.01853551 0.04766273 0.06499463 0.04976151]\n",
      " [0.0919116  0.0459558  0.04136022 0.11701916 0.13630072 0.04353707\n",
      "  0.0404411  0.10399141 0.14180647 0.10857058]\n",
      " [0.0689337  0.03446685 0.03102016 0.08776437 0.10222554 0.03265281\n",
      "  0.03033083 0.07799356 0.10635485 0.08142793]\n",
      " [0.0536151  0.02680755 0.02412679 0.06826118 0.07950876 0.02539663\n",
      "  0.02359064 0.06066166 0.08272044 0.06333284]]\n",
      "in y-direction-\n",
      "[[0.0382965  0.076593   0.0153186  0.0459558  0.11105985 0.05744475\n",
      "  0.0153186  0.04212615 0.0919116  0.0689337  0.0536151 ]\n",
      " [0.01914825 0.0382965  0.0076593  0.0229779  0.05552992 0.02872237\n",
      "  0.0076593  0.02106308 0.0459558  0.03446685 0.02680755]\n",
      " [0.01723342 0.03446685 0.00689337 0.02068011 0.04997693 0.02585014\n",
      "  0.00689337 0.01895677 0.04136022 0.03102016 0.02412679]\n",
      " [0.04875798 0.09751597 0.01950319 0.05850958 0.14139815 0.07313697\n",
      "  0.01950319 0.05363378 0.11701916 0.08776437 0.06826118]\n",
      " [0.05679197 0.11358394 0.02271679 0.06815036 0.16469671 0.08518795\n",
      "  0.02271679 0.06247117 0.13630072 0.10222554 0.07950876]\n",
      " [0.01814045 0.03628089 0.00725618 0.02176854 0.0526073  0.02721067\n",
      "  0.00725618 0.01995449 0.04353707 0.03265281 0.02539663]\n",
      " [0.01685046 0.03370092 0.00674018 0.02022055 0.04886633 0.02527569\n",
      "  0.00674018 0.01853551 0.0404411  0.03033083 0.02359064]\n",
      " [0.04332975 0.08665951 0.0173319  0.05199571 0.12565629 0.06499463\n",
      "  0.0173319  0.04766273 0.10399141 0.07799356 0.06066166]\n",
      " [0.05908603 0.11817206 0.02363441 0.07090323 0.17134948 0.08862904\n",
      "  0.02363441 0.06499463 0.14180647 0.10635485 0.08272044]\n",
      " [0.04523774 0.09047548 0.0180951  0.05428529 0.13118945 0.06785661\n",
      "  0.0180951  0.04976151 0.10857058 0.08142793 0.06333284]]\n",
      "Checking for Stability Criteria of eta < 0.5 for Explicit Method:\n",
      "For each Block eta:\n",
      "For Block Address (1,1) ==> Satisfied!\n",
      "For Block Address (1,2) ==> Satisfied!\n",
      "For Block Address (1,3) ==> Satisfied!\n",
      "For Block Address (1,4) ==> Satisfied!\n",
      "For Block Address (1,5) ==> Satisfied!\n",
      "For Block Address (1,6) ==> Satisfied!\n",
      "For Block Address (1,7) ==> Satisfied!\n",
      "For Block Address (1,8) ==> Satisfied!\n",
      "For Block Address (1,9) ==> Satisfied!\n",
      "For Block Address (1,10) ==> Satisfied!\n",
      "For Block Address (1,11) ==> Satisfied!\n",
      "For Block Address (2,1) ==> Satisfied!\n",
      "For Block Address (2,2) ==> Satisfied!\n",
      "For Block Address (2,3) ==> Satisfied!\n",
      "For Block Address (2,4) ==> Satisfied!\n",
      "For Block Address (2,5) ==> Satisfied!\n",
      "For Block Address (2,6) ==> Satisfied!\n",
      "For Block Address (2,7) ==> Satisfied!\n",
      "For Block Address (2,8) ==> Satisfied!\n",
      "For Block Address (2,9) ==> Satisfied!\n",
      "For Block Address (2,10) ==> Satisfied!\n",
      "For Block Address (2,11) ==> Satisfied!\n",
      "For Block Address (3,1) ==> Satisfied!\n",
      "For Block Address (3,2) ==> Satisfied!\n",
      "For Block Address (3,3) ==> Satisfied!\n",
      "For Block Address (3,4) ==> Satisfied!\n",
      "For Block Address (3,5) ==> Satisfied!\n",
      "For Block Address (3,6) ==> Satisfied!\n",
      "For Block Address (3,7) ==> Satisfied!\n",
      "For Block Address (3,8) ==> Satisfied!\n",
      "For Block Address (3,9) ==> Satisfied!\n",
      "For Block Address (3,10) ==> Satisfied!\n",
      "For Block Address (3,11) ==> Satisfied!\n",
      "For Block Address (4,1) ==> Satisfied!\n",
      "For Block Address (4,2) ==> Satisfied!\n",
      "For Block Address (4,3) ==> Satisfied!\n",
      "For Block Address (4,4) ==> Satisfied!\n",
      "For Block Address (4,5) ==> Satisfied!\n",
      "For Block Address (4,6) ==> Satisfied!\n",
      "For Block Address (4,7) ==> Satisfied!\n",
      "For Block Address (4,8) ==> Satisfied!\n",
      "For Block Address (4,9) ==> Satisfied!\n",
      "For Block Address (4,10) ==> Satisfied!\n",
      "For Block Address (4,11) ==> Satisfied!\n",
      "For Block Address (5,1) ==> Satisfied!\n",
      "For Block Address (5,2) ==> Satisfied!\n",
      "For Block Address (5,3) ==> Satisfied!\n",
      "For Block Address (5,4) ==> Satisfied!\n",
      "For Block Address (5,5) ==> Satisfied!\n",
      "For Block Address (5,6) ==> Satisfied!\n",
      "For Block Address (5,7) ==> Satisfied!\n",
      "For Block Address (5,8) ==> Satisfied!\n",
      "For Block Address (5,9) ==> Satisfied!\n",
      "For Block Address (5,10) ==> Satisfied!\n",
      "For Block Address (5,11) ==> Satisfied!\n",
      "For Block Address (6,1) ==> Satisfied!\n",
      "For Block Address (6,2) ==> Satisfied!\n",
      "For Block Address (6,3) ==> Satisfied!\n",
      "For Block Address (6,4) ==> Satisfied!\n",
      "For Block Address (6,5) ==> Satisfied!\n",
      "For Block Address (6,6) ==> Satisfied!\n",
      "For Block Address (6,7) ==> Satisfied!\n",
      "For Block Address (6,8) ==> Satisfied!\n",
      "For Block Address (6,9) ==> Satisfied!\n",
      "For Block Address (6,10) ==> Satisfied!\n",
      "For Block Address (6,11) ==> Satisfied!\n",
      "For Block Address (7,1) ==> Satisfied!\n",
      "For Block Address (7,2) ==> Satisfied!\n",
      "For Block Address (7,3) ==> Satisfied!\n",
      "For Block Address (7,4) ==> Satisfied!\n",
      "For Block Address (7,5) ==> Satisfied!\n",
      "For Block Address (7,6) ==> Satisfied!\n",
      "For Block Address (7,7) ==> Satisfied!\n",
      "For Block Address (7,8) ==> Satisfied!\n",
      "For Block Address (7,9) ==> Satisfied!\n",
      "For Block Address (7,10) ==> Satisfied!\n",
      "For Block Address (7,11) ==> Satisfied!\n",
      "For Block Address (8,1) ==> Satisfied!\n",
      "For Block Address (8,2) ==> Satisfied!\n",
      "For Block Address (8,3) ==> Satisfied!\n",
      "For Block Address (8,4) ==> Satisfied!\n",
      "For Block Address (8,5) ==> Satisfied!\n",
      "For Block Address (8,6) ==> Satisfied!\n",
      "For Block Address (8,7) ==> Satisfied!\n",
      "For Block Address (8,8) ==> Satisfied!\n",
      "For Block Address (8,9) ==> Satisfied!\n",
      "For Block Address (8,10) ==> Satisfied!\n",
      "For Block Address (8,11) ==> Satisfied!\n",
      "For Block Address (9,1) ==> Satisfied!\n",
      "For Block Address (9,2) ==> Satisfied!\n",
      "For Block Address (9,3) ==> Satisfied!\n",
      "For Block Address (9,4) ==> Satisfied!\n",
      "For Block Address (9,5) ==> Satisfied!\n",
      "For Block Address (9,6) ==> Satisfied!\n",
      "For Block Address (9,7) ==> Satisfied!\n",
      "For Block Address (9,8) ==> Satisfied!\n",
      "For Block Address (9,9) ==> Satisfied!\n",
      "For Block Address (9,10) ==> Satisfied!\n",
      "For Block Address (9,11) ==> Satisfied!\n",
      "For Block Address (10,1) ==> Satisfied!\n",
      "For Block Address (10,2) ==> Satisfied!\n",
      "For Block Address (10,3) ==> Satisfied!\n",
      "For Block Address (10,4) ==> Satisfied!\n",
      "For Block Address (10,5) ==> Satisfied!\n",
      "For Block Address (10,6) ==> Satisfied!\n",
      "For Block Address (10,7) ==> Satisfied!\n",
      "For Block Address (10,8) ==> Satisfied!\n",
      "For Block Address (10,9) ==> Satisfied!\n",
      "For Block Address (10,10) ==> Satisfied!\n",
      "For Block Address (10,11) ==> Satisfied!\n",
      "For Block Address (11,1) ==> Satisfied!\n",
      "For Block Address (11,2) ==> Satisfied!\n",
      "For Block Address (11,3) ==> Satisfied!\n",
      "For Block Address (11,4) ==> Satisfied!\n",
      "For Block Address (11,5) ==> Satisfied!\n",
      "For Block Address (11,6) ==> Satisfied!\n",
      "For Block Address (11,7) ==> Satisfied!\n",
      "For Block Address (11,8) ==> Satisfied!\n",
      "For Block Address (11,9) ==> Satisfied!\n",
      "For Block Address (11,10) ==> Satisfied!\n",
      "For Block Address (11,11) ==> Satisfied!\n",
      "For InterBlock eta:\n",
      "in x-direction-\n",
      "Between Block Address (1,1) and (1,2) ==> Satisfied!\n",
      "Between Block Address (1,2) and (1,3) ==> Satisfied!\n",
      "Between Block Address (1,3) and (1,4) ==> Satisfied!\n",
      "Between Block Address (1,4) and (1,5) ==> Satisfied!\n",
      "Between Block Address (1,5) and (1,6) ==> Satisfied!\n",
      "Between Block Address (1,6) and (1,7) ==> Satisfied!\n",
      "Between Block Address (1,7) and (1,8) ==> Satisfied!\n",
      "Between Block Address (1,8) and (1,9) ==> Satisfied!\n",
      "Between Block Address (1,9) and (1,10) ==> Satisfied!\n",
      "Between Block Address (1,10) and (1,11) ==> Satisfied!\n",
      "Between Block Address (2,1) and (2,2) ==> Satisfied!\n",
      "Between Block Address (2,2) and (2,3) ==> Satisfied!\n",
      "Between Block Address (2,3) and (2,4) ==> Satisfied!\n",
      "Between Block Address (2,4) and (2,5) ==> Satisfied!\n",
      "Between Block Address (2,5) and (2,6) ==> Satisfied!\n",
      "Between Block Address (2,6) and (2,7) ==> Satisfied!\n",
      "Between Block Address (2,7) and (2,8) ==> Satisfied!\n",
      "Between Block Address (2,8) and (2,9) ==> Satisfied!\n",
      "Between Block Address (2,9) and (2,10) ==> Satisfied!\n",
      "Between Block Address (2,10) and (2,11) ==> Satisfied!\n",
      "Between Block Address (3,1) and (3,2) ==> Satisfied!\n",
      "Between Block Address (3,2) and (3,3) ==> Satisfied!\n",
      "Between Block Address (3,3) and (3,4) ==> Satisfied!\n",
      "Between Block Address (3,4) and (3,5) ==> Satisfied!\n",
      "Between Block Address (3,5) and (3,6) ==> Satisfied!\n",
      "Between Block Address (3,6) and (3,7) ==> Satisfied!\n",
      "Between Block Address (3,7) and (3,8) ==> Satisfied!\n",
      "Between Block Address (3,8) and (3,9) ==> Satisfied!\n",
      "Between Block Address (3,9) and (3,10) ==> Satisfied!\n",
      "Between Block Address (3,10) and (3,11) ==> Satisfied!\n",
      "Between Block Address (4,1) and (4,2) ==> Satisfied!\n",
      "Between Block Address (4,2) and (4,3) ==> Satisfied!\n",
      "Between Block Address (4,3) and (4,4) ==> Satisfied!\n",
      "Between Block Address (4,4) and (4,5) ==> Satisfied!\n",
      "Between Block Address (4,5) and (4,6) ==> Satisfied!\n",
      "Between Block Address (4,6) and (4,7) ==> Satisfied!\n",
      "Between Block Address (4,7) and (4,8) ==> Satisfied!\n",
      "Between Block Address (4,8) and (4,9) ==> Satisfied!\n",
      "Between Block Address (4,9) and (4,10) ==> Satisfied!\n",
      "Between Block Address (4,10) and (4,11) ==> Satisfied!\n",
      "Between Block Address (5,1) and (5,2) ==> Satisfied!\n",
      "Between Block Address (5,2) and (5,3) ==> Satisfied!\n",
      "Between Block Address (5,3) and (5,4) ==> Satisfied!\n",
      "Between Block Address (5,4) and (5,5) ==> Satisfied!\n",
      "Between Block Address (5,5) and (5,6) ==> Satisfied!\n",
      "Between Block Address (5,6) and (5,7) ==> Satisfied!\n",
      "Between Block Address (5,7) and (5,8) ==> Satisfied!\n",
      "Between Block Address (5,8) and (5,9) ==> Satisfied!\n",
      "Between Block Address (5,9) and (5,10) ==> Satisfied!\n",
      "Between Block Address (5,10) and (5,11) ==> Satisfied!\n",
      "Between Block Address (6,1) and (6,2) ==> Satisfied!\n",
      "Between Block Address (6,2) and (6,3) ==> Satisfied!\n",
      "Between Block Address (6,3) and (6,4) ==> Satisfied!\n",
      "Between Block Address (6,4) and (6,5) ==> Satisfied!\n",
      "Between Block Address (6,5) and (6,6) ==> Satisfied!\n",
      "Between Block Address (6,6) and (6,7) ==> Satisfied!\n",
      "Between Block Address (6,7) and (6,8) ==> Satisfied!\n",
      "Between Block Address (6,8) and (6,9) ==> Satisfied!\n",
      "Between Block Address (6,9) and (6,10) ==> Satisfied!\n",
      "Between Block Address (6,10) and (6,11) ==> Satisfied!\n",
      "Between Block Address (7,1) and (7,2) ==> Satisfied!\n",
      "Between Block Address (7,2) and (7,3) ==> Satisfied!\n",
      "Between Block Address (7,3) and (7,4) ==> Satisfied!\n",
      "Between Block Address (7,4) and (7,5) ==> Satisfied!\n",
      "Between Block Address (7,5) and (7,6) ==> Satisfied!\n",
      "Between Block Address (7,6) and (7,7) ==> Satisfied!\n",
      "Between Block Address (7,7) and (7,8) ==> Satisfied!\n",
      "Between Block Address (7,8) and (7,9) ==> Satisfied!\n",
      "Between Block Address (7,9) and (7,10) ==> Satisfied!\n",
      "Between Block Address (7,10) and (7,11) ==> Satisfied!\n",
      "Between Block Address (8,1) and (8,2) ==> Satisfied!\n",
      "Between Block Address (8,2) and (8,3) ==> Satisfied!\n",
      "Between Block Address (8,3) and (8,4) ==> Satisfied!\n",
      "Between Block Address (8,4) and (8,5) ==> Satisfied!\n",
      "Between Block Address (8,5) and (8,6) ==> Satisfied!\n",
      "Between Block Address (8,6) and (8,7) ==> Satisfied!\n",
      "Between Block Address (8,7) and (8,8) ==> Satisfied!\n",
      "Between Block Address (8,8) and (8,9) ==> Satisfied!\n",
      "Between Block Address (8,9) and (8,10) ==> Satisfied!\n",
      "Between Block Address (8,10) and (8,11) ==> Satisfied!\n",
      "Between Block Address (9,1) and (9,2) ==> Satisfied!\n",
      "Between Block Address (9,2) and (9,3) ==> Satisfied!\n",
      "Between Block Address (9,3) and (9,4) ==> Satisfied!\n",
      "Between Block Address (9,4) and (9,5) ==> Satisfied!\n",
      "Between Block Address (9,5) and (9,6) ==> Satisfied!\n",
      "Between Block Address (9,6) and (9,7) ==> Satisfied!\n",
      "Between Block Address (9,7) and (9,8) ==> Satisfied!\n",
      "Between Block Address (9,8) and (9,9) ==> Satisfied!\n",
      "Between Block Address (9,9) and (9,10) ==> Satisfied!\n",
      "Between Block Address (9,10) and (9,11) ==> Satisfied!\n",
      "Between Block Address (10,1) and (10,2) ==> Satisfied!\n",
      "Between Block Address (10,2) and (10,3) ==> Satisfied!\n",
      "Between Block Address (10,3) and (10,4) ==> Satisfied!\n",
      "Between Block Address (10,4) and (10,5) ==> Satisfied!\n",
      "Between Block Address (10,5) and (10,6) ==> Satisfied!\n",
      "Between Block Address (10,6) and (10,7) ==> Satisfied!\n",
      "Between Block Address (10,7) and (10,8) ==> Satisfied!\n",
      "Between Block Address (10,8) and (10,9) ==> Satisfied!\n",
      "Between Block Address (10,9) and (10,10) ==> Satisfied!\n",
      "Between Block Address (10,10) and (10,11) ==> Satisfied!\n",
      "Between Block Address (11,1) and (11,2) ==> Satisfied!\n",
      "Between Block Address (11,2) and (11,3) ==> Satisfied!\n",
      "Between Block Address (11,3) and (11,4) ==> Satisfied!\n",
      "Between Block Address (11,4) and (11,5) ==> Satisfied!\n",
      "Between Block Address (11,5) and (11,6) ==> Satisfied!\n",
      "Between Block Address (11,6) and (11,7) ==> Satisfied!\n",
      "Between Block Address (11,7) and (11,8) ==> Satisfied!\n",
      "Between Block Address (11,8) and (11,9) ==> Satisfied!\n",
      "Between Block Address (11,9) and (11,10) ==> Satisfied!\n",
      "Between Block Address (11,10) and (11,11) ==> Satisfied!\n",
      "in y-direction-\n",
      "Between Block Address (1,1) and (2,1) ==> Satisfied!\n",
      "Between Block Address (1,2) and (2,2) ==> Satisfied!\n",
      "Between Block Address (1,3) and (2,3) ==> Satisfied!\n",
      "Between Block Address (1,4) and (2,4) ==> Satisfied!\n",
      "Between Block Address (1,5) and (2,5) ==> Satisfied!\n",
      "Between Block Address (1,6) and (2,6) ==> Satisfied!\n",
      "Between Block Address (1,7) and (2,7) ==> Satisfied!\n",
      "Between Block Address (1,8) and (2,8) ==> Satisfied!\n",
      "Between Block Address (1,9) and (2,9) ==> Satisfied!\n",
      "Between Block Address (1,10) and (2,10) ==> Satisfied!\n",
      "Between Block Address (1,11) and (2,11) ==> Satisfied!\n",
      "Between Block Address (2,1) and (3,1) ==> Satisfied!\n",
      "Between Block Address (2,2) and (3,2) ==> Satisfied!\n",
      "Between Block Address (2,3) and (3,3) ==> Satisfied!\n",
      "Between Block Address (2,4) and (3,4) ==> Satisfied!\n",
      "Between Block Address (2,5) and (3,5) ==> Satisfied!\n",
      "Between Block Address (2,6) and (3,6) ==> Satisfied!\n",
      "Between Block Address (2,7) and (3,7) ==> Satisfied!\n",
      "Between Block Address (2,8) and (3,8) ==> Satisfied!\n",
      "Between Block Address (2,9) and (3,9) ==> Satisfied!\n",
      "Between Block Address (2,10) and (3,10) ==> Satisfied!\n",
      "Between Block Address (2,11) and (3,11) ==> Satisfied!\n",
      "Between Block Address (3,1) and (4,1) ==> Satisfied!\n",
      "Between Block Address (3,2) and (4,2) ==> Satisfied!\n",
      "Between Block Address (3,3) and (4,3) ==> Satisfied!\n",
      "Between Block Address (3,4) and (4,4) ==> Satisfied!\n",
      "Between Block Address (3,5) and (4,5) ==> Satisfied!\n",
      "Between Block Address (3,6) and (4,6) ==> Satisfied!\n",
      "Between Block Address (3,7) and (4,7) ==> Satisfied!\n",
      "Between Block Address (3,8) and (4,8) ==> Satisfied!\n",
      "Between Block Address (3,9) and (4,9) ==> Satisfied!\n",
      "Between Block Address (3,10) and (4,10) ==> Satisfied!\n",
      "Between Block Address (3,11) and (4,11) ==> Satisfied!\n",
      "Between Block Address (4,1) and (5,1) ==> Satisfied!\n",
      "Between Block Address (4,2) and (5,2) ==> Satisfied!\n",
      "Between Block Address (4,3) and (5,3) ==> Satisfied!\n",
      "Between Block Address (4,4) and (5,4) ==> Satisfied!\n",
      "Between Block Address (4,5) and (5,5) ==> Satisfied!\n",
      "Between Block Address (4,6) and (5,6) ==> Satisfied!\n",
      "Between Block Address (4,7) and (5,7) ==> Satisfied!\n",
      "Between Block Address (4,8) and (5,8) ==> Satisfied!\n",
      "Between Block Address (4,9) and (5,9) ==> Satisfied!\n",
      "Between Block Address (4,10) and (5,10) ==> Satisfied!\n",
      "Between Block Address (4,11) and (5,11) ==> Satisfied!\n",
      "Between Block Address (5,1) and (6,1) ==> Satisfied!\n",
      "Between Block Address (5,2) and (6,2) ==> Satisfied!\n",
      "Between Block Address (5,3) and (6,3) ==> Satisfied!\n",
      "Between Block Address (5,4) and (6,4) ==> Satisfied!\n",
      "Between Block Address (5,5) and (6,5) ==> Satisfied!\n",
      "Between Block Address (5,6) and (6,6) ==> Satisfied!\n",
      "Between Block Address (5,7) and (6,7) ==> Satisfied!\n",
      "Between Block Address (5,8) and (6,8) ==> Satisfied!\n",
      "Between Block Address (5,9) and (6,9) ==> Satisfied!\n",
      "Between Block Address (5,10) and (6,10) ==> Satisfied!\n",
      "Between Block Address (5,11) and (6,11) ==> Satisfied!\n",
      "Between Block Address (6,1) and (7,1) ==> Satisfied!\n",
      "Between Block Address (6,2) and (7,2) ==> Satisfied!\n",
      "Between Block Address (6,3) and (7,3) ==> Satisfied!\n",
      "Between Block Address (6,4) and (7,4) ==> Satisfied!\n",
      "Between Block Address (6,5) and (7,5) ==> Satisfied!\n",
      "Between Block Address (6,6) and (7,6) ==> Satisfied!\n",
      "Between Block Address (6,7) and (7,7) ==> Satisfied!\n",
      "Between Block Address (6,8) and (7,8) ==> Satisfied!\n",
      "Between Block Address (6,9) and (7,9) ==> Satisfied!\n",
      "Between Block Address (6,10) and (7,10) ==> Satisfied!\n",
      "Between Block Address (6,11) and (7,11) ==> Satisfied!\n",
      "Between Block Address (7,1) and (8,1) ==> Satisfied!\n",
      "Between Block Address (7,2) and (8,2) ==> Satisfied!\n",
      "Between Block Address (7,3) and (8,3) ==> Satisfied!\n",
      "Between Block Address (7,4) and (8,4) ==> Satisfied!\n",
      "Between Block Address (7,5) and (8,5) ==> Satisfied!\n",
      "Between Block Address (7,6) and (8,6) ==> Satisfied!\n",
      "Between Block Address (7,7) and (8,7) ==> Satisfied!\n",
      "Between Block Address (7,8) and (8,8) ==> Satisfied!\n",
      "Between Block Address (7,9) and (8,9) ==> Satisfied!\n",
      "Between Block Address (7,10) and (8,10) ==> Satisfied!\n",
      "Between Block Address (7,11) and (8,11) ==> Satisfied!\n",
      "Between Block Address (8,1) and (9,1) ==> Satisfied!\n",
      "Between Block Address (8,2) and (9,2) ==> Satisfied!\n",
      "Between Block Address (8,3) and (9,3) ==> Satisfied!\n",
      "Between Block Address (8,4) and (9,4) ==> Satisfied!\n",
      "Between Block Address (8,5) and (9,5) ==> Satisfied!\n",
      "Between Block Address (8,6) and (9,6) ==> Satisfied!\n",
      "Between Block Address (8,7) and (9,7) ==> Satisfied!\n",
      "Between Block Address (8,8) and (9,8) ==> Satisfied!\n",
      "Between Block Address (8,9) and (9,9) ==> Satisfied!\n",
      "Between Block Address (8,10) and (9,10) ==> Satisfied!\n",
      "Between Block Address (8,11) and (9,11) ==> Satisfied!\n",
      "Between Block Address (9,1) and (10,1) ==> Satisfied!\n",
      "Between Block Address (9,2) and (10,2) ==> Satisfied!\n",
      "Between Block Address (9,3) and (10,3) ==> Satisfied!\n",
      "Between Block Address (9,4) and (10,4) ==> Satisfied!\n",
      "Between Block Address (9,5) and (10,5) ==> Satisfied!\n",
      "Between Block Address (9,6) and (10,6) ==> Satisfied!\n",
      "Between Block Address (9,7) and (10,7) ==> Satisfied!\n",
      "Between Block Address (9,8) and (10,8) ==> Satisfied!\n",
      "Between Block Address (9,9) and (10,9) ==> Satisfied!\n",
      "Between Block Address (9,10) and (10,10) ==> Satisfied!\n",
      "Between Block Address (9,11) and (10,11) ==> Satisfied!\n",
      "Between Block Address (10,1) and (11,1) ==> Satisfied!\n",
      "Between Block Address (10,2) and (11,2) ==> Satisfied!\n",
      "Between Block Address (10,3) and (11,3) ==> Satisfied!\n",
      "Between Block Address (10,4) and (11,4) ==> Satisfied!\n",
      "Between Block Address (10,5) and (11,5) ==> Satisfied!\n",
      "Between Block Address (10,6) and (11,6) ==> Satisfied!\n",
      "Between Block Address (10,7) and (11,7) ==> Satisfied!\n",
      "Between Block Address (10,8) and (11,8) ==> Satisfied!\n",
      "Between Block Address (10,9) and (11,9) ==> Satisfied!\n",
      "Between Block Address (10,10) and (11,10) ==> Satisfied!\n",
      "Between Block Address (10,11) and (11,11) ==> Satisfied!\n"
     ]
    },
    {
     "name": "stdout",
     "output_type": "stream",
     "text": [
      "\n",
      "\n",
      "Red => Time Step= 40\n",
      "Yellow => Time Step= 200\n",
      "Magenta => Time Step= 400\n"
     ]
    },
    {
     "data": {
